0 0.0
0 0.05533333333333334
E7 0.05533333333333334
0 0.05533333333333334
0 0.05533333333333334
0 0.05533333333333334
E7 0.05533333333333334
0 0.05533333333333334
0 0.05533333333333334
0 0.05533333333333334
C7 0.05533333333333334
0 0.05533333333333334
E7 0.05533333333333334
0 0.05533333333333334
0 0.05533333333333334
0 0.05533333333333334
G7 0.05533333333333334
0 0.05533333333333334
0 0.05533333333333334
0 0.05533333333333334
0 0.05533333333333334
0 0.05533333333333334
0 0.05533333333333334
0 0.05533333333333334
G6 0.05533333333333334
0 0.05533333333333334
0 0.05533333333333334
0 0.05533333333333334
0 0.05533333333333334
0 0.05533333333333334
0 0.05533333333333334
0 0.05533333333333334
C7 0.05533333333333334
0 0.05533333333333334
0 0.05533333333333334
0 0.05533333333333334
0 0.05533333333333334
0 0.05533333333333334
G6 0.05533333333333334
0 0.05533333333333334
0 0.05533333333333334
0 0.05533333333333334
0 0.05533333333333334
0 0.05533333333333334
E6 0.05533333333333334
0 0.05533333333333334
0 0.05533333333333334
0 0.05533333333333334
0 0.05533333333333334
0 0.05533333333333334
A6 0.05533333333333334
0 0.05533333333333334
0 0.05533333333333334
0 0.05533333333333334
B6 0.05533333333333334
0 0.05533333333333334
0 0.05533333333333334
0 0.05533333333333334
A#6 0.05533333333333334
0 0.05533333333333334
A6 0.05533333333333334
0 0.05533333333333334
0 0.05533333333333334
0 0.05533333333333334
G6 0.074
0 0.074
E7 0.074
0 0.074
G7 0.074
0 0.074
A7 0.05533333333333334
0 0.05533333333333334
0 0.05533333333333334
0 0.05533333333333334
F7 0.05533333333333334
0 0.05533333333333334
G7 0.05533333333333334
0 0.05533333333333334
0 0.05533333333333334
0 0.05533333333333334
E7 0.05533333333333334
0 0.05533333333333334
0 0.05533333333333334
0 0.05533333333333334
0 0.11066666666666668
0 0.11066666666666668
C7 0.05533333333333334
0 0.05533333333333334
D7 0.05533333333333334
0 0.05533333333333334
B6 0.05533333333333334
0 0.05533333333333334
0 0.05533333333333334
0 0.05533333333333334
0 0.05533333333333334
0 0.05533333333333334
C7 0.05533333333333334
0 0.05533333333333334
0 0.05533333333333334
0 0.05533333333333334
0 0.05533333333333334
0 0.05533333333333334
G6 0.05533333333333334
0 0.05533333333333334
0 0.05533333333333334
0 0.05533333333333334
0 0.05533333333333334
0 0.05533333333333334
E6 0.05533333333333334
0 0.05533333333333334
0 0.05533333333333334
0 0.05533333333333334
0 0.05533333333333334
0 0.05533333333333334
A6 0.05533333333333334
0 0.05533333333333334
0 0.05533333333333334
0 0.05533333333333334
B6 0.05533333333333334
0 0.05533333333333334
0 0.05533333333333334
0 0.05533333333333334
A#6 0.05533333333333334
0 0.05533333333333334
A6 0.05533333333333334
0 0.05533333333333334
0 0.05533333333333334
0 0.05533333333333334
G6 0.074
0 0.074
E7 0.074
0 0.074
G7 0.074
0 0.074
A7 0.05533333333333334
0 0.05533333333333334
0 0.05533333333333334
0 0.05533333333333334
F7 0.05533333333333334
0 0.05533333333333334
G7 0.05533333333333334
0 0.05533333333333334
0 0.05533333333333334
0 0.05533333333333334
E7 0.05533333333333334
0 0.05533333333333334
0 0.05533333333333334
0 0.05533333333333334
C7 0.05533333333333334
0 0.05533333333333334
D7 0.05533333333333334
0 0.05533333333333334
B6 0.05533333333333334
0 0.05533333333333334
0 0.05533333333333334
0 0.05533333333333334
0 0.05533333333333334
0 0.05533333333333334
0 0.0
